0000000000000000
0000000000000000
0000000000000000
0000000000000000
0000000000000000
0000000000000000
0000000000000000
0000000000000000
0000000011100000
0000001111111000
0000011111111000
0001111111100000
0000011111111000
0000001111111000
0000000011100000
0000000000000000
0000000000000000
0000111111111100
0000010000000100
0000010000000100
0000111111111100
0000000000100000
1111111001010000
0100001001001000
0100001001000100
0100001001000011
0100001001000100
0100001001001000
1111111001010000
0000000000100000
0000000000100000
0000000000000000
0000000000000000
0010000000001000
0001000110001000
0000100101001000
0000010100101000
0100000100011000
1000000100001111
0111111111101000
0000000100001000
0000000100001000
0000010100001000
0000100100001000
0001000100001000
0010000000001000
0000000000000000
0000000000000000
0000000000000010
0000000000000010
1111111111100010
0100100000100010
0100010000100010
0100001111111110
0100000000100010
0100000000100010
0100000000100010
0100001111111110
0100010000100010
0100010000100010
1111111111100010
0000000000000010
0000000000000010
0000000000000000
0000000000000100
1111111111100100
0000000000100100
0000100000100100
0000100101100100
0000100110100100
0000100100100100
0111111100111111
0000100100100100
0000100110100100
0000100101100100
0100100000100100
1000000000100100
0111111111100100
0000000000000100
0000000000000000
0010000000000000
0110000000100000
0010000000100000
0001000000100000
0001000000100000
1111111111111111
0000000000000000
0000000000000000
0000000000000000
0011111111111111
0100000001000000
0100000000100000
0100000000010000
0100000000001000
0111110000000000
0000000000000000
1111111111111111
1111111111111111
1111111111111111
1111111111111111
1111111111111111
1111111111111111
1111111111111111
1111111111111111
0000000011111111
0000000011111111
0000000011111111
0000000011111111
0000000011111111
0000000011111111
0000000011111111
0000000011111111
1111111100000000
1111111100000000
1111111100000000
1111111100000000
1111111100000000
1111111100000000
1111111100000000
1111111100000000
0011001100110011
0011001100110011
1100110011001100
1100110011001100
0011001100110011
0011001100110011
1100110011001100
1100110011001100
0000000100000000
0000001110000000
0000011111000000
0000111111100000
0000001110000000
0000001110000000
0000001110000000
0000000000000000
0000001110000000
0000001110000000
0000001110000000
0000111111100000
0000011111000000
0000001110000000
0000000100000000
0000000000000000
0000000010000000
0000000011000000
0000111111100000
0000111111110000
0000111111100000
0000000011000000
0000000010000000
0000000000000000
0000000100000000
0000001100000000
0000011111110000
0000111111110000
0000011111110000
0000001100000000
0000000100000000
0000000000000000
0000000000000000
0000001111000000
0000011111100000
0000011111100000
0000011111100000
0000001111000000
0000000000000000
0000000000000000
0000000000000000
0000000000000000
0000000000000000
1111111111111111
1111111111111111
0000000000000000
0000000000000000
0000000000000000
0000000110000000
0000000110000000
0000000110000000
0000000110000000
0000000110000000
0000000110000000
0000000110000000
0000000110000000
0000000110000000
0000000110000000
0000000110000000
1111111111111111
1111111111111111
0000000110000000
0000000110000000
0000000110000000
0000000110000000
0000000110000000
0000000110000000
0000000111111111
0000000011111111
0000000000000000
0000000000000000
0000000000000000
0000000000000000
0000000000000000
0000000000000000
0000000011111111
0000000111111111
0000000110000000
0000000110000000
0000000110000000
0000000000000000
0000000000000000
0000000000000000
1111111100000000
1111111110000000
0000000110000000
0000000110000000
0000000110000000
0000000110000000
0000000110000000
0000000110000000
1111111110000000
1111111100000000
0000000000000000
0000000000000000
0000000000000000
0000000110000000
0000000110000000
0000000110000000
1111111110000000
1111111110000000
0000000110000000
0000000110000000
0000000110000000
0000000110000000
0000000110000000
0000000110000000
0000000111111111
0000000111111111
0000000110000000
0000000110000000
0000000110000000
0000000000000000
0000000000000000
0000000000000000
1111111111111111
1111111111111111
0000000110000000
0000000110000000
0000000110000000
0000000110000000
0000000110000000
0000000110000000
1111111111111111
1111111111111111
0000000000000000
0000000000000000
0000000000000000
0000000000000000
0000000000000000
0000000000000000
0000000000000000
0000000000000000
0000000000000000
0000000000000000
0000000000000000
0000000000000000
0000000000000000
0001101111111000
0001101111111000
0000000000000000
0000000000000000
0000000000000000
0000000000000000
0000000000000000
0000000001111100
0000000001111100
0000000000000000
0000000001111100
0000000001111100
0000000000000000
0000000000000000
0000011001100000
0001111111111000
0001111111111000
0000011001100000
0001111111111000
0001111111111000
0000011001100000
0000000000000000
0000110011100000
0000110111110000
0011110110111100
0011110110111100
0000111110110000
0000011100110000
0000000000000000
0000000000000000
0000011000111000
0000011100101000
0000001110111000
0000000111000000
0000111011100000
0000101001110000
0000111000110000
0000000000000000
0000111101110000
0001111111111000
0001100111011000
0001101111111000
0000111101110000
0001111110000000
0001100110000000
0000000000000000
0000000000000000
0000000000000000
0000000001100000
0000000001111100
0000000000111100
0000000000000000
0000000000000000
0000000000000000
0000000000000000
0000011111100000
0001111111111000
0011110000111100
0011000000001100
0000000000000000
0000000000000000
0000000000000000
0000000000000000
0011000000001100
0011110000111100
0001111111111000
0000011111100000
0000000000000000
0000000000000000
0000000000000000
0000001100000000
0001101101100000
0001111111100000
0000011110000000
0001111111100000
0001101101100000
0000001100000000
0000000000000000
0000001100000000
0000001100000000
0001111111100000
0001111111100000
0000001100000000
0000001100000000
0000000000000000
0000000000000000
0000000000000000
0000000000000000
0110000000000000
0111110000000000
0011110000000000
0000000000000000
0000000000000000
0000000000000000
0000001100000000
0000001100000000
0000001100000000
0000001100000000
0000001100000000
0000001100000000
0000001100000000
0000000000000000
0000000000000000
0000000000000000
0000000000000000
0001100000000000
0001100000000000
0000000000000000
0000000000000000
0000000000000000
0011000000000000
0011110000000000
0000111100000000
0000001111000000
0000000011110000
0000000000111100
0000000000001100
0000000000000000
0000111111110000
0001111111111000
0001101100011000
0001100110011000
0001100011011000
0001111111111000
0000111111110000
0000000000000000
0000000000000000
0000000001100000
0000000000110000
0001111111111000
0001111111111000
0000000000000000
0000000000000000
0000000000000000
0001110000110000
0001111000111000
0001111100011000
0001101110011000
0001100111011000
0001100011111000
0001100001110000
0000000000000000
0000110000011000
0001110000011000
0001100010011000
0001100011011000
0001100111111000
0001111110111000
0000111100011000
0000000000000000
0000011110000000
0000011111000000
0000011011100000
0000011001110000
0001111111111000
0001111111111000
0000011000000000
0000000000000000
0000110011111000
0001110011111000
0001100011011000
0001100011011000
0001100011011000
0001111111011000
0000111110011000
0000000000000000
0000111111100000
0001111111110000
0001100110111000
0001100110011000
0001100110011000
0001111110011000
0000111100000000
0000000000000000
0000000000011000
0000000000011000
0001111000011000
0001111110011000
0000001111011000
0000000011111000
0000000001111000
0000000000000000
0000111101110000
0001111111111000
0001100110011000
0001100110011000
0001100110011000
0001111111111000
0000111101110000
0000000000000000
0000000011110000
0001100111111000
0001100110011000
0001100110011000
0001110110011000
0000111111111000
0000011111110000
0000000000000000
0000000000000000
0000000000000000
0000000000000000
0000110011000000
0000110011000000
0000000000000000
0000000000000000
0000000000000000
0000000000000000
0000000000000000
0110000000000000
0111110011000000
0011110011000000
0000000000000000
0000000000000000
0000000000000000
0000000110000000
0000001111000000
0000011111100000
0000111001110000
0001110000111000
0001100000011000
0000000000000000
0000000000000000
0000011001100000
0000011001100000
0000011001100000
0000011001100000
0000011001100000
0000011001100000
0000011001100000
0000000000000000
0001100000011000
0001110000111000
0000111001110000
0000011111100000
0000001111000000
0000000110000000
0000000000000000
0000000000000000
0000000000110000
0000000000111000
0001101100011000
0001101100011000
0000000110011000
0000000111111000
0000000011110000
0000000000000000
0000111111110000
0001111111111000
0001100000011000
0001101111011000
0001101110011000
0001101111111000
0000000111110000
0000000000000000
0001111100000000
0001111111000000
0000011011110000
0000011000111000
0000011011110000
0001111111000000
0001111100000000
0000000000000000
0001100000011000
0001111111111000
0001111111111000
0001100110011000
0001100110011000
0001111111111000
0000111101110000
0000000000000000
0000011111100000
0000111111110000
0001110000111000
0001100000011000
0001100000011000
0001110000111000
0000110000110000
0000000000000000
0001111111111000
0001111111111000
0001100000011000
0001100000011000
0001110000111000
0000111111110000
0000001111000000
0000000000000000
0001111111111000
0001111111111000
0001100110011000
0001100110011000
0001100110011000
0001100110011000
0001100000011000
0000000000000000
0001111111111000
0001111111111000
0000000110011000
0000000110011000
0000000110011000
0000000110011000
0000000000011000
0000000000000000
0000011111100000
0000111111110000
0001110000111000
0001100110011000
0001100110011000
0001111110111000
0000111110110000
0000000000000000
0001111111111000
0001111111111000
0000000110000000
0000000110000000
0000000110000000
0001111111111000
0001111111111000
0000000000000000
0001100000011000
0001100000011000
0001111111111000
0001111111111000
0001100000011000
0001100000011000
0000000000000000
0000000000000000
0000110000000000
0001110000000000
0001100000000000
0001100000000000
0001110000000000
0000111111111000
0000011111111000
0000000000000000
0001111111111000
0001111111111000
0000001111000000
0000011111100000
0000111001110000
0001110000111000
0001100000011000
0000000000000000
0001111111111000
0001111111111000
0001100000000000
0001100000000000
0001100000000000
0001100000000000
0001100000000000
0000000000000000
0001111111111000
0001111111111000
0000000011100000
0000001111000000
0000000011100000
0001111111111000
0001111111111000
0000000000000000
0001111111111000
0001111111111000
0000000011100000
0000001111000000
0000011100000000
0001111111111000
0001111111111000
0000000000000000
0000011111100000
0000111111110000
0001110000111000
0001100000011000
0001110000111000
0000111111110000
0000011111100000
0000000000000000
0001111111111000
0001111111111000
0000000110011000
0000000110011000
0000000110011000
0000000111111000
0000000011110000
0000000000000000
0000111111110000
0001111111111000
0001100000011000
0001101100011000
0000111100011000
0001111111111000
0001101111110000
0000000000000000
0001111111111000
0001111111111000
0000001110011000
0000011110011000
0000111110011000
0001110111111000
0001100011110000
0000000000000000
0000110001110000
0001110011111000
0001100111011000
0001100110011000
0001101110011000
0001111100111000
0000111000110000
0000000000000000
0000000000011000
0000000000011000
0001111111111000
0001111111111000
0000000000011000
0000000000011000
0000000000000000
0000000000000000
0000111111111000
0001111111111000
0001100000000000
0001100000000000
0001100000000000
0001111111111000
0000111111111000
0000000000000000
0000000001111000
0000001111111000
0001111110000000
0001110000000000
0001111110000000
0000001111111000
0000000001111000
0000000000000000
0000001111111000
0001111111111000
0001111000000000
0000011111100000
0001111000000000
0001111111111000
0000001111111000
0000000000000000
0001100000011000
0001111001111000
0000011111100000
0000000110000000
0000011111100000
0001111001111000
0001100000011000
0000000000000000
0000000000111000
0000000011111000
0001111111000000
0001111111000000
0000000011111000
0000000000111000
0000000000000000
0000000000000000
0001110000011000
0001111000011000
0001101100011000
0001100110011000
0001100011011000
0001100001111000
0001100000111000
0000000000000000
0000000000000000
0011111111111100
0011111111111100
0011000000001100
0011000000001100
0011000000001100
0000000000000000
0000000000000000
0000000000001100
0000000000111100
0000000011110000
0000001111000000
0000111100000000
0011110000000000
0011000000000000
0000000000000000
0000000000000000
0011000000001100
0011000000001100
0011000000001100
0011111111111100
0011111111111100
0000000000000000
0000000000000000
0000000001100000
0000000001110000
0000000000111000
0000000000011100
0000000000111000
0000000001110000
0000000001100000
0000000000000000
0011000000000000
0011000000000000
0011000000000000
0011000000000000
0011000000000000
0011000000000000
0011000000000000
0000000000000000
0000000000000000
0000000000000000
0000000000111100
0000000001111100
0000000001100000
0000000000000000
0000000000000000
0000000000000000
0000111000000000
0001111101000000
0001101101100000
0001101101100000
0001101101100000
0001111111100000
0001111111000000
0000000000000000
0001111111111100
0001111111111100
0000110011000000
0001100001100000
0001110011100000
0000111111000000
0000011110000000
0000000000000000
0000011110000000
0000111111000000
0001110011100000
0001100001100000
0001100001100000
0001110011100000
0000110011000000
0000000000000000
0000011110000000
0000111111000000
0001110011100000
0001100001100000
0000110011000000
0001111111111100
0001111111111100
0000000000000000
0000011110000000
0000111111000000
0001101101100000
0001101101100000
0001101101100000
0001101111000000
0000001110000000
0000000000000000
0000000001100000
0000000001100000
0001111111111000
0001111111111100
0000000001101100
0000000001101100
0000000000001100
0000000000000000
0000011110000000
1100111111000000
1101110011100000
1101100001100000
1110110011000000
0111111111100000
0011111111100000
0000000000000000
0001111111111100
0001111111111100
0000000011000000
0000000001100000
0000000001100000
0001111111100000
0001111111000000
0000000000000000
0000000000000000
0000000001100000
0000000001100000
0001111111101100
0001111111101100
0000000000000000
0000000000000000
0000000000000000
1100000000000000
1100000000000000
1100000001100000
1110000001100000
0111111111101100
0011111111101100
0000000000000000
0000000000000000
0001111111111100
0001111111111100
0000001100000000
0000011110000000
0000111111000000
0001110011100000
0001100001100000
0000000000000000
0000000000000000
0000000000001100
0000000000001100
0001111111111100
0001111111111100
0000000000000000
0000000000000000
0000000000000000
0001111111100000
0001111111100000
0000000001100000
0001111111000000
0000000001100000
0001111111100000
0001111111000000
0000000000000000
0001111111100000
0001111111100000
0000000011000000
0000000001100000
0000000001100000
0001111111100000
0001111111000000
0000000000000000
0000011110000000
0000111111000000
0001110011100000
0001100001100000
0001110011100000
0000111111000000
0000011110000000
0000000000000000
1111111111100000
1111111111100000
0000110011000000
0001100001100000
0001110011100000
0000111111000000
0000011110000000
0000000000000000
0000011110000000
0000111111000000
0001110011100000
0001100001100000
0000110011000000
1111111111100000
1111111111100000
0000000000000000
0001111111100000
0001111111100000
0000000011000000
0000000001100000
0000000001100000
0000000011100000
0000000011000000
0000000000000000
0000100111000000
0001101111100000
0001101101100000
0001101101100000
0001101101100000
0001111101100000
0000111001000000
0000000000000000
0000000001100000
0000000001100000
0000111111111100
0001111111111100
0001100001100000
0001100001100000
0001100001100000
0000000000000000
0000111111100000
0001111111100000
0001100000000000
0001100000000000
0000110000000000
0001111111100000
0001111111100000
0000000000000000
0000000011100000
0000001111100000
0000111100000000
0001110000000000
0000111100000000
0000001111100000
0000000011100000
0000000000000000
0000011111100000
0001111111100000
0001110000000000
0000011110000000
0001110000000000
0001111111100000
0000011111100000
0000000000000000
0001100001100000
0001110011100000
0000111111000000
0000011110000000
0000111111000000
0001110011100000
0001100001100000
0000000000000000
1100000011100000
1100011111100000
1110111100000000
0111110000000000
0011111100000000
0000011111100000
0000000011100000
0000000000000000
0001100001100000
0001110001100000
0001111001100000
0001101101100000
0001100111100000
0001100011100000
0001100001100000
0000000000000000
0000000110000000
0000000110000000
0000001111000000
0001111111111000
0011111001111100
0011000000001100
0011000000001100
0000000000000000
0000000000000000
0000000000000000
0011111111111100
0011111111111100
0000000000000000
0000000000000000
0000000000000000
0000000000000000
0011000000001100
0011000000001100
0011111001111100
0001111111111000
0000001111000000
0000000110000000
0000000110000000
0000000000000000
0000000111000000
0000000111100000
0000000001100000
0000000011000000
0000000110000000
0000000111100000
0000000011100000
0000000000000000
0001100110011000
0001100110011000
0000011001100000
0000011001100000
0001100110011000
0001100110011000
0000000000000000
0000000000000000
